0.000000000000000000e+00 3.433333333333333126e+00 3.833333333333333481e+00 6.099999999999999645e+00 5.033333333333333215e+00 6.133333333333333748e+00 3.533333333333333215e+00 3.816666666666666874e+00 2.583333333333333481e+00 4.400000000000000355e+00 3.866666666666666696e+00 4.450000000000000178e+00 2.916666666666666519e+00 6.549999999999999822e+00 4.500000000000000000e+00 2.683333333333333126e+00 4.016666666666666607e+00 5.750000000000000000e+00 3.433333333333333126e+00 3.783333333333333215e+00 3.600000000000000089e+00 
3.433333333333333126e+00 0.000000000000000000e+00 6.999999999999999556e-01 4.316666666666666430e+00 2.750000000000000000e+00 4.316666666666666430e+00 1.283333333333333437e+00 1.250000000000000000e+00 8.499999999999999778e-01 9.666666666666666741e-01 2.083333333333333481e+00 2.233333333333333393e+00 6.666666666666666297e-01 3.450000000000000178e+00 1.199999999999999956e+00 9.333333333333333481e-01 1.399999999999999911e+00 3.366666666666666696e+00 4.333333333333333481e-01 1.583333333333333259e+00 3.450000000000000178e+00 
3.833333333333333481e+00 6.999999999999999556e-01 0.000000000000000000e+00 4.233333333333333393e+00 2.399999999999999911e+00 3.799999999999999822e+00 1.350000000000000089e+00 1.300000000000000044e+00 1.250000000000000000e+00 6.166666666666666963e-01 2.116666666666666696e+00 2.066666666666666874e+00 1.300000000000000044e+00 2.933333333333333126e+00 6.833333333333333481e-01 1.550000000000000044e+00 1.133333333333333304e+00 2.850000000000000089e+00 5.666666666666666519e-01 1.133333333333333304e+00 3.766666666666666607e+00 
6.099999999999999645e+00 4.316666666666666430e+00 4.233333333333333393e+00 0.000000000000000000e+00 2.149999999999999911e+00 1.716666666666666563e+00 3.266666666666666607e+00 3.200000000000000178e+00 4.533333333333333215e+00 3.616666666666666696e+00 2.583333333333333481e+00 5.566666666666666430e+00 4.316666666666666430e+00 3.700000000000000178e+00 3.816666666666666874e+00 4.216666666666666785e+00 3.266666666666666607e+00 2.049999999999999822e+00 4.599999999999999645e+00 4.466666666666666785e+00 6.849999999999999645e+00 
5.033333333333333215e+00 2.750000000000000000e+00 2.399999999999999911e+00 2.149999999999999911e+00 0.000000000000000000e+00 2.116666666666666696e+00 2.216666666666666785e+00 2.116666666666666696e+00 3.466666666666666785e+00 1.783333333333333437e+00 1.533333333333333437e+00 3.716666666666666785e+00 3.266666666666666607e+00 2.416666666666666519e+00 1.966666666666666563e+00 3.166666666666666519e+00 2.116666666666666696e+00 1.266666666666666607e+00 2.866666666666666696e+00 2.633333333333333304e+00 5.500000000000000000e+00 
6.133333333333333748e+00 4.316666666666666430e+00 3.799999999999999822e+00 1.716666666666666563e+00 2.116666666666666696e+00 0.000000000000000000e+00 3.299999999999999822e+00 3.233333333333333393e+00 4.566666666666666430e+00 3.350000000000000089e+00 2.616666666666666696e+00 5.033333333333333215e+00 4.349999999999999645e+00 3.000000000000000000e+00 3.316666666666666874e+00 4.266666666666666607e+00 3.299999999999999822e+00 1.116666666666666696e+00 4.233333333333333393e+00 3.950000000000000178e+00 6.816666666666666430e+00 
3.533333333333333215e+00 1.283333333333333437e+00 1.350000000000000089e+00 3.266666666666666607e+00 2.216666666666666785e+00 3.299999999999999822e+00 0.000000000000000000e+00 3.166666666666666519e-01 1.766666666666666607e+00 1.116666666666666696e+00 1.033333333333333437e+00 2.966666666666666785e+00 1.483333333333333393e+00 3.549999999999999822e+00 1.416666666666666741e+00 1.466666666666666563e+00 5.999999999999999778e-01 2.916666666666666519e+00 1.500000000000000000e+00 2.016666666666666607e+00 4.099999999999999645e+00 
3.816666666666666874e+00 1.250000000000000000e+00 1.316666666666666652e+00 3.200000000000000178e+00 2.116666666666666696e+00 3.233333333333333393e+00 3.166666666666666519e-01 0.000000000000000000e+00 1.933333333333333348e+00 1.000000000000000000e+00 9.833333333333332815e-01 2.833333333333333481e+00 1.550000000000000044e+00 3.366666666666666696e+00 1.300000000000000044e+00 1.633333333333333304e+00 3.166666666666666519e-01 2.833333333333333481e+00 1.466666666666666563e+00 1.899999999999999911e+00 4.266666666666666607e+00 
2.583333333333333481e+00 8.499999999999999778e-01 1.250000000000000000e+00 4.533333333333333215e+00 3.466666666666666785e+00 4.566666666666666430e+00 1.766666666666666607e+00 1.933333333333333348e+00 0.000000000000000000e+00 1.816666666666666652e+00 2.299999999999999822e+00 2.200000000000000178e+00 6.166666666666666963e-01 4.183333333333333570e+00 1.949999999999999956e+00 3.833333333333333592e-01 2.183333333333333126e+00 4.099999999999999645e+00 9.166666666666666297e-01 1.550000000000000044e+00 2.600000000000000089e+00 
4.400000000000000355e+00 9.666666666666666741e-01 6.166666666666666963e-01 3.616666666666666696e+00 1.783333333333333437e+00 3.350000000000000089e+00 1.116666666666666696e+00 1.000000000000000000e+00 1.816666666666666652e+00 0.000000000000000000e+00 1.733333333333333393e+00 2.083333333333333481e+00 1.649999999999999911e+00 2.616666666666666696e+00 5.333333333333333259e-01 1.899999999999999911e+00 7.500000000000000000e-01 2.500000000000000000e+00 1.083333333333333259e+00 1.133333333333333304e+00 3.799999999999999822e+00 
3.866666666666666696e+00 2.083333333333333481e+00 2.116666666666666696e+00 2.583333333333333481e+00 1.533333333333333437e+00 2.616666666666666696e+00 1.033333333333333437e+00 9.833333333333332815e-01 2.299999999999999822e+00 1.733333333333333393e+00 0.000000000000000000e+00 3.566666666666666874e+00 2.083333333333333481e+00 3.466666666666666785e+00 2.033333333333333215e+00 2.000000000000000000e+00 1.050000000000000044e+00 2.233333333333333393e+00 2.383333333333333304e+00 2.633333333333333304e+00 4.633333333333333748e+00 
4.450000000000000178e+00 2.233333333333333393e+00 2.066666666666666874e+00 5.566666666666666430e+00 3.733333333333333393e+00 5.033333333333333215e+00 2.966666666666666785e+00 2.833333333333333481e+00 2.216666666666666785e+00 2.083333333333333481e+00 3.566666666666666874e+00 0.000000000000000000e+00 2.516666666666666607e+00 3.966666666666666785e+00 2.116666666666666696e+00 2.549999999999999822e+00 2.600000000000000089e+00 4.099999999999999645e+00 1.966666666666666563e+00 1.133333333333333304e+00 2.583333333333333481e+00 
2.916666666666666519e+00 6.666666666666666297e-01 1.300000000000000044e+00 4.316666666666666430e+00 3.266666666666666607e+00 4.349999999999999645e+00 1.483333333333333393e+00 1.533333333333333437e+00 6.166666666666666963e-01 1.649999999999999911e+00 2.083333333333333481e+00 2.516666666666666607e+00 0.000000000000000000e+00 4.116666666666666252e+00 1.883333333333333304e+00 2.666666666666666630e-01 1.783333333333333437e+00 3.983333333333333393e+00 9.499999999999999556e-01 1.866666666666666696e+00 2.933333333333333126e+00 
6.483333333333333393e+00 3.450000000000000178e+00 2.933333333333333126e+00 3.700000000000000178e+00 2.416666666666666519e+00 3.000000000000000000e+00 3.549999999999999822e+00 3.366666666666666696e+00 4.183333333333333570e+00 2.616666666666666696e+00 3.466666666666666785e+00 3.883333333333333304e+00 4.116666666666666252e+00 0.000000000000000000e+00 2.450000000000000178e+00 4.383333333333333748e+00 3.066666666666666874e+00 2.049999999999999822e+00 3.366666666666666696e+00 2.783333333333333215e+00 5.666666666666666963e+00 
4.500000000000000000e+00 1.199999999999999956e+00 6.833333333333333481e-01 3.816666666666666874e+00 1.966666666666666563e+00 3.316666666666666874e+00 1.416666666666666741e+00 1.300000000000000044e+00 1.949999999999999956e+00 5.333333333333333259e-01 2.033333333333333215e+00 2.116666666666666696e+00 1.883333333333333304e+00 2.450000000000000178e+00 0.000000000000000000e+00 2.133333333333333304e+00 1.050000000000000044e+00 2.366666666666666696e+00 1.116666666666666696e+00 1.166666666666666741e+00 3.833333333333333481e+00 
2.683333333333333126e+00 9.333333333333333481e-01 1.550000000000000044e+00 4.216666666666666785e+00 3.166666666666666519e+00 4.266666666666666607e+00 1.466666666666666563e+00 1.633333333333333304e+00 3.833333333333333592e-01 1.899999999999999911e+00 2.000000000000000000e+00 2.549999999999999822e+00 2.666666666666666630e-01 4.383333333333333748e+00 2.133333333333333304e+00 0.000000000000000000e+00 1.866666666666666696e+00 3.883333333333333304e+00 1.216666666666666563e+00 1.883333333333333304e+00 2.700000000000000178e+00 
4.016666666666666607e+00 1.399999999999999911e+00 1.133333333333333304e+00 3.266666666666666607e+00 2.116666666666666696e+00 3.299999999999999822e+00 5.999999999999999778e-01 3.166666666666666519e-01 2.183333333333333126e+00 7.500000000000000000e-01 1.050000000000000044e+00 2.600000000000000089e+00 1.783333333333333437e+00 3.066666666666666874e+00 1.050000000000000044e+00 1.866666666666666696e+00 0.000000000000000000e+00 2.833333333333333481e+00 1.600000000000000089e+00 1.649999999999999911e+00 4.316666666666666430e+00 
5.750000000000000000e+00 3.366666666666666696e+00 2.850000000000000089e+00 2.049999999999999822e+00 1.266666666666666607e+00 1.116666666666666696e+00 2.916666666666666519e+00 2.833333333333333481e+00 4.099999999999999645e+00 2.500000000000000000e+00 2.233333333333333393e+00 4.099999999999999645e+00 3.983333333333333393e+00 2.049999999999999822e+00 2.366666666666666696e+00 3.883333333333333304e+00 2.833333333333333481e+00 0.000000000000000000e+00 3.283333333333333215e+00 3.000000000000000000e+00 5.866666666666666252e+00 
3.433333333333333126e+00 4.333333333333333481e-01 5.666666666666666519e-01 4.616666666666666252e+00 2.866666666666666696e+00 4.233333333333333393e+00 1.500000000000000000e+00 1.466666666666666563e+00 9.166666666666666297e-01 1.083333333333333259e+00 2.383333333333333304e+00 1.966666666666666563e+00 9.499999999999999556e-01 3.366666666666666696e+00 1.116666666666666696e+00 1.216666666666666563e+00 1.600000000000000089e+00 3.283333333333333215e+00 0.000000000000000000e+00 1.149999999999999911e+00 3.216666666666666785e+00 
3.783333333333333215e+00 1.583333333333333259e+00 1.133333333333333304e+00 4.466666666666666785e+00 2.633333333333333304e+00 3.950000000000000178e+00 2.016666666666666607e+00 1.899999999999999911e+00 1.550000000000000044e+00 1.133333333333333304e+00 2.633333333333333304e+00 1.133333333333333304e+00 1.866666666666666696e+00 2.850000000000000089e+00 1.166666666666666741e+00 1.883333333333333304e+00 1.649999999999999911e+00 3.000000000000000000e+00 1.149999999999999911e+00 0.000000000000000000e+00 2.899999999999999911e+00 
3.600000000000000089e+00 3.450000000000000178e+00 3.783333333333333215e+00 6.849999999999999645e+00 5.500000000000000000e+00 6.816666666666666430e+00 4.099999999999999645e+00 4.266666666666666607e+00 2.600000000000000089e+00 3.799999999999999822e+00 4.616666666666666252e+00 2.583333333333333481e+00 2.933333333333333126e+00 5.750000000000000000e+00 3.833333333333333481e+00 2.700000000000000178e+00 4.316666666666666430e+00 5.866666666666666252e+00 3.216666666666666785e+00 2.916666666666666519e+00 0.000000000000000000e+00 
