0.0 22.0 26.3 11.0 22.3 21.2 16.3 13.9 15.7 20.8 8.2 17.3 8.1 19.9 34.3 9.2 18.4 33.3 23.4 12.2 43.3 33.2 37.9 68.9 23.2 20.1 14.3 48.9 16.3 24.7 22.7 35.1 21.5 8.8
22.1 0.0 13.3 18.0 43.8 21.3 15.6 13.2 26.2 19.5 18.3 24.9 16.6 23.2 32.1 16.7 33.7 31.5 20.6 34.2 41.1 38.4 41.2 56.2 20.2 22.3 7.7 36.2 15.6 28.1 27.5 35.6 21.0 14.7
26.3 13.3 0.0 24.2 47.3 21.8 18.4 19.4 32.4 13.8 24.5 31.1 22.8 29.4 26.4 22.9 39.9 25.7 20.9 37.3 35.3 44.6 46.2 50.2 14.4 27.0 14.0 30.1 18.4 33.3 33.7 30.9 17.0 20.9
11.0 18.0 24.2 0.0 31.1 12.1 9.1 8.5 8.3 14.2 2.8 8.1 3.5 9.7 26.1 3.6 18.5 24.1 27.2 21.6 35.1 23.4 27.6 66.8 16.7 10.3 10.3 46.8 9.1 14.5 12.5 25.9 13.3 4.2
22.4 43.8 47.3 31.1 0.0 41.5 36.9 34.5 33.7 41.4 28.3 35.2 28.2 40.0 54.7 29.3 16.9 53.6 39.3 12.4 63.7 49.1 56.7 84.8 43.9 40.5 36.1 64.7 36.9 43.4 41.0 55.4 41.8 29.2
21.2 21.3 21.8 12.1 41.6 0.0 7.4 9.2 18.6 8.9 15.5 17.1 13.8 11.5 16.8 13.5 31.0 13.5 30.7 32.1 25.8 26.7 26.6 62.7 9.6 6.1 13.5 45.8 7.4 13.6 15.0 16.0 5.6 12.4
16.3 15.6 18.4 9.1 36.9 7.4 0.0 2.4 17.4 5.1 11.4 15.4 9.7 13.5 18.6 9.9 26.8 17.8 25.1 27.4 27.6 28.9 31.5 59.3 7.6 9.2 7.9 42.4 0.0 18.4 18.0 21.7 6.0 7.8
13.9 13.2 19.4 8.5 34.5 9.2 2.4 0.0 16.7 6.9 9.0 14.6 7.3 12.8 20.6 7.4 24.4 19.8 22.7 25.0 29.6 28.1 30.8 61.1 9.4 10.5 5.5 42.0 2.4 17.7 17.2 23.6 7.8 5.4
15.8 26.2 32.4 8.3 33.7 18.6 17.4 16.7 0.0 22.5 8.8 3.4 10.2 9.4 34.3 10.4 19.4 29.5 35.4 26.1 44.8 18.3 24.8 75.0 25.0 14.5 18.5 55.0 17.4 11.5 9.2 29.9 21.4 12.0
20.8 19.5 13.8 14.2 41.4 8.9 5.1 6.9 22.5 0.0 15.9 20.5 14.2 18.7 14.3 14.3 31.3 13.6 27.6 31.9 23.2 34.0 34.0 54.7 3.0 13.2 12.4 37.8 5.1 21.0 22.4 18.7 3.7 12.2
8.2 18.3 24.5 2.8 28.3 15.5 11.4 9.0 8.8 15.9 0.0 9.9 1.8 12.5 29.0 2.0 16.5 27.6 27.0 18.8 38.0 25.8 30.2 67.1 18.3 13.2 10.5 47.1 11.4 17.1 15.1 29.4 16.2 3.6
17.3 24.9 31.1 8.1 35.2 17.1 15.4 14.6 3.4 20.5 9.9 0.0 10.8 6.1 31.0 11.0 20.9 26.2 34.8 27.6 41.4 16.1 21.4 73.7 23.0 11.5 17.2 53.7 15.4 8.2 5.8 26.5 19.4 11.8
8.1 16.6 22.8 3.5 28.2 13.8 9.7 7.3 10.2 14.2 1.8 10.8 0.0 12.0 27.3 1.1 17.2 25.8 25.4 18.7 36.2 25.7 30.0 65.4 16.6 12.6 8.9 45.4 9.7 16.8 14.8 27.6 14.4 1.9
19.9 23.2 29.4 9.7 40.0 11.5 13.5 12.8 9.4 18.7 12.5 6.1 12.0 0.0 25.4 11.2 27.0 20.6 31.7 30.5 35.8 16.0 18.0 72.1 19.0 6.4 15.5 52.0 13.6 4.9 4.8 21.1 15.9 11.4
34.4 32.1 26.4 26.1 54.7 16.8 18.6 20.6 34.3 14.3 29.0 31.0 27.3 25.4 0.0 27.4 44.5 10.7 40.2 45.2 16.5 40.6 32.2 67.3 14.2 22.3 26.1 50.4 18.6 27.5 28.9 17.4 13.6 25.5
9.2 16.7 22.9 3.6 29.3 13.5 9.9 7.4 10.4 14.3 2.0 11.0 1.1 11.2 27.4 0.0 17.8 25.6 25.5 19.8 36.4 25.0 29.2 65.6 16.8 11.9 9.0 45.5 9.8 16.1 14.1 27.4 14.5 2.1
18.5 33.7 39.9 18.5 16.9 31.0 26.8 24.4 19.4 31.3 16.5 20.9 17.2 27.0 44.5 17.8 0.0 43.0 39.7 18.1 53.4 34.8 42.4 82.5 33.8 28.9 26.0 62.5 26.8 29.1 26.7 44.8 31.6 19.1
33.3 31.5 25.7 24.1 53.6 13.5 17.8 19.8 29.5 13.6 27.6 26.2 25.8 20.6 10.7 25.6 43.0 0.0 39.6 44.1 21.7 33.5 27.1 66.7 13.5 17.5 25.2 49.8 17.8 20.9 24.0 9.5 12.7 24.5
23.5 20.6 20.9 27.2 39.3 30.7 25.1 22.7 35.4 27.6 27.0 34.8 25.4 31.7 40.2 25.5 39.7 39.6 0.0 29.3 49.2 48.3 49.7 51.3 28.2 31.7 18.8 31.3 25.1 36.6 37.4 44.7 30.8 23.4
12.2 34.2 37.3 21.6 12.4 32.1 27.4 25.0 26.1 31.9 18.8 27.6 18.7 30.5 45.2 19.8 18.1 44.1 29.3 0.0 54.2 43.6 48.5 74.7 34.4 31.0 25.9 54.7 27.4 35.3 33.3 45.9 32.3 19.7
43.3 41.1 35.3 35.1 63.7 25.8 27.6 29.6 44.8 23.2 38.0 41.4 36.2 35.8 16.5 36.4 53.4 21.7 49.2 54.2 0.0 51.0 48.2 76.3 23.1 32.7 35.1 59.4 27.6 37.9 39.3 32.4 22.6 34.5
33.3 38.4 44.6 23.4 49.1 26.7 28.9 28.1 18.3 34.0 25.8 16.1 25.7 16.0 40.6 25.0 34.8 33.5 48.3 43.6 51.0 0.0 14.2 87.3 34.2 21.9 30.7 67.2 28.9 13.4 12.1 31.2 31.1 25.3
37.9 41.2 46.2 27.6 56.7 26.6 31.5 30.8 24.8 34.0 30.2 21.4 30.0 18.0 32.2 29.2 42.4 27.1 49.7 48.5 48.2 14.2 0.0 87.2 34.0 23.1 33.5 70.0 31.6 14.0 17.0 23.1 31.0 29.4
68.9 56.2 50.2 66.8 84.8 62.7 59.3 61.1 75.0 54.7 67.1 73.7 65.4 72.1 67.3 65.6 82.5 66.7 51.3 74.7 76.3 87.3 87.2 0.0 55.3 68.0 56.8 31.3 59.3 74.2 75.6 71.8 57.9 63.5
23.3 20.2 14.4 16.7 43.9 9.6 7.6 9.4 25.0 3.0 18.3 23.0 16.6 19.0 14.2 16.8 33.8 13.5 28.2 34.4 23.1 34.2 34.0 55.3 0.0 15.4 14.8 38.5 7.6 21.1 22.5 18.7 6.2 14.7
20.1 22.3 27.0 10.3 40.5 6.1 9.2 10.5 14.5 13.2 13.2 11.5 12.6 6.4 22.3 11.9 28.9 17.5 31.7 31.0 32.7 21.9 23.1 68.0 15.4 0.0 14.5 51.1 9.2 10.1 10.6 18.0 9.8 11.3
14.3 7.7 14.0 10.3 36.1 13.5 7.9 5.5 18.5 12.4 10.5 17.2 8.9 15.5 26.1 9.0 26.0 25.2 18.8 25.9 35.1 30.7 33.5 56.8 14.8 14.5 0.0 36.8 7.9 20.4 19.8 27.9 13.3 6.9
48.9 36.2 30.1 46.8 64.8 45.8 42.4 42.0 55.0 37.8 47.1 53.7 45.4 52.0 50.4 45.5 62.5 49.8 31.3 54.7 59.4 67.2 70.0 31.3 38.5 51.1 36.8 0.0 42.4 56.9 56.3 54.9 41.0 43.4
16.3 15.6 18.4 9.1 36.9 7.4 0.0 2.4 17.4 5.1 11.4 15.4 9.7 13.6 18.6 9.8 26.8 17.8 25.1 27.4 27.6 28.9 31.6 59.3 7.6 9.2 7.9 42.4 0.0 18.4 18.0 21.8 6.0 7.8
24.8 28.1 33.3 14.5 43.4 13.6 18.4 17.7 11.5 21.0 17.1 8.2 16.8 4.9 27.5 16.1 29.1 20.9 36.6 35.3 37.9 13.4 14.0 74.2 21.1 10.1 20.3 56.9 18.4 0.0 3.8 19.0 18.0 16.3
22.8 27.5 33.7 12.5 41.0 15.0 18.0 17.2 9.2 22.4 15.1 5.8 14.8 4.8 28.9 14.1 26.7 24.0 37.4 33.3 39.3 12.1 17.0 75.6 22.5 10.6 19.8 56.3 18.0 3.8 0.0 22.1 19.4 14.4
35.1 35.6 30.9 25.9 55.4 16.0 21.7 23.6 29.9 18.7 29.4 26.5 27.6 21.1 17.4 27.4 44.8 9.5 44.7 45.9 32.4 31.2 23.1 71.8 18.7 18.0 27.9 54.9 21.8 19.0 22.1 0.0 17.9 26.3
21.5 21.0 17.0 13.3 41.8 5.6 6.0 7.8 21.4 3.7 16.2 19.4 14.4 15.9 13.6 14.5 31.6 12.7 30.8 32.3 22.6 31.1 31.0 57.9 6.2 9.8 13.3 41.0 6.0 18.0 19.4 17.9 0.0 12.7
8.8 14.7 20.9 4.2 29.2 12.4 7.8 5.4 12.0 12.2 3.6 11.8 1.9 11.4 25.5 2.1 19.0 24.5 23.4 19.7 34.5 25.3 29.4 63.5 14.7 11.3 6.9 43.4 7.8 16.3 14.4 26.3 12.7 0.0
